"barrio" "censo" "pp" "psoe" "cs" "vox" "masmadrid" "podemos" "otros" "abstencion"
"Palacio" 17424 27.2 12 2.5 4.9 19.5 8.7 1.3 23.9
"Embajadores" 30540 18.8 10.7 1.9 3.5 22.7 12.2 1.4 28.8
"Cortes" 7437 29.9 11 2.8 4.8 18.7 7.3 1.4 24.1
"Justicia" 12760 34 10 3.2 5.5 15.3 5.2 1 25.7
"Universidad" 23422 26.5 11.1 2.8 3.8 20 8.2 1.2 26.5
"Sol" 5115 29.2 10 2.6 5.8 16.1 6.6 1.3 28.3
"Imperial" 18185 34.7 12.1 3.5 6 17.3 6.7 1.1 18.5
"Acacias" 29779 33.7 13.4 3.5 5.1 18.2 6.9 1.2 18
"Chopera" 15294 29 12.8 2.5 4.7 18.5 8.3 1.2 23.2
"Legazpi" 14446 34.8 12 4.7 5 18.5 5.8 1.3 17.9
"Delicias" 21039 33.1 12.3 3.4 5.3 18 6.8 1.4 19.7
"Palos de Moguer" 19552 30 11.4 2.9 4.9 18.6 7.6 1.3 23.3
"Atocha" 1041 30.7 12.1 5.4 7.3 19.1 6.8 1.4 17.1
"Pacifico" 26581 38.5 11.6 3.4 6.3 14.7 5 1.2 19.3
"Adelfas" 14655 38.1 11.9 4.1 6.8 15.5 5.1 1.3 17.2
"Estrella" 18803 47.5 10 3.7 7.5 11.2 3.7 0.9 15.5
"Ibiza" 16353 43.1 9.6 3.8 7 12.1 3.7 1.2 19.5
"Jeronimos" 5355 47.5 6.9 2.9 9.4 8.3 3.2 0.7 21.1
"Nino Jesus" 12064 51.6 7.8 4.1 8.6 9.8 2.7 1 14.4
"Recoletos" 11097 58.5 4.6 2.4 10 3.6 1 0.7 19.1
"Goya" 21937 49.2 8 3.3 8 7.5 2.6 1 20.5
"Fuente del Berro" 16070 40.9 10.9 3.6 6.2 12.2 4.1 1.4 20.8
"Guindalera" 32253 44.6 9 3.6 7.7 11.4 3.4 1.1 19.1
"Lista" 15441 51.5 7.4 2.7 8.9 7.5 2.5 0.8 18.8
"Castellana" 12033 60 3.9 2.4 11.2 3.4 1 0.6 17.5
"El Viso" 12901 63 4.5 2.4 10.2 3.8 1 0.7 14.5
"Prosperidad" 28437 43.4 10.7 3.6 6.9 11.7 4.2 1.4 18.3
"Ciudad Jardin" 14066 40.4 10.6 3.7 6.6 12.5 4.8 1.1 20.4
"Hispanoamerica" 24435 54.8 6.7 3.6 8.8 6.6 2.1 0.9 16.6
"Nueva Espana" 18082 59.1 5.4 3.4 9.5 5.3 1.5 0.7 15
"Castilla" 13064 50.9 8.2 3.6 8.6 7.9 2.5 0.9 17.5
"Bellas Vistas" 19435 29.4 12.3 2.7 4.9 13.1 5.9 1.3 30.3
"Cuatro Caminos" 25907 44.4 9.3 3 7.3 9.7 3.4 1.2 21.6
"Castillejos" 15600 46.5 8.2 3.1 8.1 9 2.9 1 21.2
"Almenara" 16497 28.8 12.1 2.4 6.4 12.3 6.3 1.4 30.3
"Valdeacederas" 17402 26.7 12.1 2.4 5 14.4 5.9 1.7 31.7
"Berruguete" 16690 28.5 11.8 2.3 5.3 14.1 5.8 1.4 30.9
"Gaztambide" 17897 42.7 9.5 3.8 7.4 12 4 1.2 19.5
"Arapiles" 18834 40.1 10.6 3.6 6.1 13.4 4.7 1.5 19.8
"Trafalgar" 18677 38.9 10.5 3.7 5.8 14.5 5 1.2 20.3
"Almagro" 14612 54.6 6.9 3.2 8.6 6.7 2.2 0.7 17.1
"Rios Rosas" 21000 46.3 9 3.5 7.1 10.4 3.6 0.9 19.2
"Vallehermoso" 16170 51.4 7.9 3.7 8.7 9 2.9 1.2 15.3
"El Pardo" 2840 40.7 8.5 1.5 12.2 7.6 3.1 1.2 25.1
"Fuentelarreina" 2495 61.2 5 3.1 11.4 3 1 0.9 14.5
"Pena Grande" 34812 39.4 13.1 3.3 6.4 12.4 4.2 1.2 20
"El Pilar" 35746 34.1 13.9 2.8 5.6 12.7 5.1 1.4 24.4
"La Paz" 27371 46.4 12.8 4.1 7 10.5 2.9 1 15.2
"Valverde" 41512 39.9 10.9 3.9 6.8 11.9 4.6 1.5 20.6
"Mirasierra" 24733 52.1 8 4.5 9.6 8.5 2.5 1.1 13.6
"El Goloso" 11643 51 7.4 4.8 9.5 9 2.7 1.2 14.4
"Casa de Campo" 10472 33.9 11.8 3.4 5.7 17.3 6.2 1.4 20.2
"Arguelles" 18342 44.2 9.1 3.3 8.2 11.2 3.3 0.9 19.7
"Ciudad Universitaria" 12454 48.5 9 3.5 7.8 9.7 3.7 1.1 16.7
"Valdezarza" 22885 32.9 14.3 2.9 5.6 15.2 6 1.5 21.6
"Valdemarin" 4364 66.2 3 2.6 12.8 2.1 0.6 0.5 12.2
"El Plantio" 2037 58.8 5.4 2.7 12.3 4.5 1.5 0.6 14.2
"Aravaca" 19243 52 8.1 3.5 9.3 8.9 3.3 0.9 14
"Los Carmenes" 12361 26.3 13.1 2 5.6 15.8 7.4 1.4 28.4
"Puerta del Angel" 28880 27.3 11.9 1.9 4.9 14.9 7.5 1.3 30.2
"Lucero" 25722 28.6 13.3 2.3 5.6 14.2 7.3 1.3 27.5
"Aluche" 48539 32.4 14.4 2.2 5.2 13.3 6 1.4 25.1
"Campamento" 13227 36.8 10.8 2.4 8.3 11 4.5 1.4 24.6
"Cuatro Vientos" 4043 31.8 12.4 2.7 6.2 16 5.3 1.7 23.8
"Las Aguilas" 39255 30.1 15 2.2 6.2 14.8 6.3 1.6 23.8
"Comillas" 16040 28.8 12.7 1.9 5.2 14.7 7.2 1.2 28.4
"Opanel" 22588 28.4 12.9 2 5.1 14.4 6.3 1.4 29.5
"San Isidro" 26633 24.8 13 1.7 4.8 14.1 6.9 1.5 33.2
"Vista Alegre" 30728 28 12.8 1.7 5 12.4 5.7 1.4 33
"Puerta Bonita" 22566 24.5 13.3 1.8 5 12.7 6.2 1.4 35.2
"Buenavista" 31946 28.9 13.4 2.8 5.7 16.2 6.1 1.8 25.1
"Abrantes" 20045 26.5 13.3 2.1 5.6 13 5.9 1.5 32.1
"Orcasitas" 16930 21.4 14.8 1.7 5.3 19.5 6.8 1.7 28.8
"Orcasur" 9492 19.5 13.8 1.6 5.7 14.2 6.1 1.7 37.5
"San Fermin" 15218 22.4 13.9 1.7 5 14.4 5.8 1.5 35.3
"Almendrales" 13300 24.4 13.3 1.9 4.4 13.3 5.8 1.5 35.4
"Moscardo" 16231 25.8 13 1.9 4.9 13.8 6.9 1.4 32.3
"Zofio" 8981 21.3 14.8 1.8 4.7 14.9 7.1 2.4 33
"Pradolongo" 9507 22 13.9 1.3 4.3 11.3 6.2 1.4 39.6
"Entrevias" 24447 15.5 17.3 1.3 4.5 14.5 9.6 1.8 35.5
"San Diego" 24796 17 14 1.3 4.2 13.6 9.1 1.6 39.3
"Palomeras Bajas" 29416 18.5 15.9 1.9 4 19.5 11.9 1.5 26.7
"Palomeras Sureste" 31624 18.7 17 1.7 4.9 17.2 9.6 1.7 29.2
"Portazgo" 20436 18.8 15.5 1.2 4.8 14.9 9.8 1.6 33.4
"Numancia" 31722 21.2 14.3 1.6 4.6 14.3 8.5 1.8 33.8
"Pavones" 6933 27.2 15.7 2.3 5.1 16.1 6.6 1.5 25.6
"Horcajo" 4883 32 14.3 4.5 5.5 17.7 6.1 1.3 18.7
"Marroquina" 22131 36.6 14 3.1 5.3 15.1 5.3 1.4 19.3
"Media Legua" 13861 33.4 13.3 2.4 5.6 13.4 6.2 1.3 24.4
"Fontarron" 12567 26 14.2 1.8 4.9 14.8 7.2 1.3 29.8
"Vinateros" 12966 30.2 14.7 2.2 4.9 15.2 7.1 1.4 24.3
"Ventas" 34797 29.5 13.2 2.4 5 13.4 6 1.4 29.2
"Pueblo Nuevo" 44210 29.3 14.1 2.6 5.1 13.2 5.7 1.5 28.5
"Quintana" 17405 31.4 11.7 2.6 5.8 13 5.6 1.3 28.6
"Concepcion" 15453 35.8 10.9 3.3 6.1 12.9 5.3 1.2 24.4
"San Pascual" 14071 40.1 12.6 3.3 5.8 12 4.5 1.3 20.5
"San Juan Bautista" 9293 46 10 3.8 6.9 10.3 3.6 0.9 18.5
"Colina" 4702 45.4 10.9 4.1 7.2 10.5 3.5 1.3 17.2
"Atalaya" 1136 52.9 7.4 3.3 5.8 6.4 2.1 1 21.1
"Costillares" 17272 54 7.1 3.5 9.6 6.1 1.7 0.7 17.3
"Palomas" 4787 56.2 6.8 4.3 9.1 6.3 1.9 0.8 14.6
"Piovera" 10146 53.5 7.4 4 7.9 7.5 2.3 0.9 16.4
"Canillas" 31641 34.7 14.3 3.2 5.7 13.6 5.1 1.4 22.1
"Pinar del Rey" 40287 33.1 13.7 2.5 6.1 13 5 1.5 25.1
"Apostol Santiago" 11966 34.3 12.3 2.5 7.2 12.7 4.7 1.3 24.8
"Valdefuentes" 40022 49.6 8.5 4.5 7.6 10 2.9 1.2 15.7
"San Andres" 29960 21.4 16.1 1.8 5.2 13.5 6.8 1.7 33.6
"San Cristobal" 8525 15.1 14.1 1 4.2 11 7 1.6 46.1
"Butarque" 12951 24.7 13.6 2.6 6.1 19.8 7.3 1.6 24.2
"Los Rosales" 25124 23 16 2.2 5 15.2 6.4 1.6 30.6
"Los Angeles" 23177 27 16.1 1.9 5.5 14.4 6.4 1.2 27.4
"VallecasCH" 27040 19.5 14.7 1.5 4.7 16.4 7.9 1.6 33.7
"Santa Eugenia" 19007 30.2 15.8 2.4 5.6 15.7 6.6 1.7 21.9
"VallecasEnsanch" 32078 27 11.1 3.4 5.9 20.6 7.3 1.9 22.8
"VicalvaroCH" 23488 24.4 15.7 1.7 5.2 12.9 6.2 1.5 32.4
"Ambroz" 13848 25.2 15.8 3.2 4.9 21.1 8.6 1.5 19.7
"Valderrivas" 12184 33.7 13.5 4.4 5.9 21.2 6 2 13.3
"Canaveral" 2985 32.3 8.7 4.4 7.9 19.2 5.4 1.9 20.2
"Simancas" 19174 28.8 12.4 2.4 5.5 13.4 5.9 1.6 30.1
"Hellin" 6806 21 14.7 1.2 5.3 15.3 7.7 1.7 33.1
"Amposta" 5982 19 13.4 1.5 5 11.9 5.7 1.4 42
"Arcos" 18129 24.9 13.9 2.1 5.4 14.9 6.8 1.6 30.4
"Rosas" 24307 33.6 14.1 3.9 5.5 18 5.8 1.7 17.4
"Rejas" 10825 36.8 10.3 3.1 6.6 11.5 4.5 1.2 25.9
"Canillejas" 20789 30.7 13.2 2.1 5.7 12.6 5.6 1.7 28.3
"El Salvador" 9062 40.1 12 4.2 7.1 13.7 4.2 1.4 17.3
"Alameda de Osuna" 15067 43.4 12.3 4.4 6.8 12.7 4.2 1.1 15.2
"Aeropuerto" 1232 23.9 9.8 1.3 7.7 11.1 4.4 1.3 40.5
"BarajasCH" 5327 31.6 12.8 1.9 7.3 12.1 5.2 1.5 27.6
"Timon" 9178 36.2 10.6 3.9 6.8 14.3 4.7 1.5 22.1
"Corralejos" 5253 50.9 8.9 5.2 6.9 8.8 2.2 1.1 16
